

Plan
['Node', 0, 0.0, 0.0, 0.0, 0.0, 0.0, 0.0]
['Node', 1, 0.0567271001636982, -0.06618161499500275, -0.03214535489678383, -0.03214535489678383, 0.06618161499500275, 0.0094545166939497]
['Node', 2, 0.1134542003273964, -0.1323632299900055, -0.06429070979356766, -0.06429070979356766, 0.1323632299900055, 0.0189090333878994]
['Node', 3, 0.1701813042163849, -0.198544830083847, -0.09643606096506119, -0.09643606096506119, 0.198544830083847, 0.02836354821920395]
['Node', 4, 0.2269084006547928, -0.264726459980011, -0.1285814195871353, -0.1285814195871353, 0.264726459980011, 0.0378180667757988]
['Node', 5, 0.2836354970932007, -0.3309080600738525, -0.16072678565979, -0.16072678565979, 0.3309080600738525, 0.04727258160710335]
['Node', 6, 0.300000011920929, -0.3499999940395355, -0.1700000017881393, -0.1700000017881393, 0.3499999940395355, 0.05000000074505806]
['Node', 7, 0.300000011920929, -0.3499999940395355, -0.1700000017881393, -0.1700000017881393, 0.3499999940395355, 0.05000000074505806]
['Node', 8, 0.300000011920929, -0.3499999940395355, -0.1700000017881393, -0.1700000017881393, 0.3499999940395355, 0.05000000074505806]
['Node', 9, 0.300000011920929, -0.3499999940395355, -0.1700000017881393, -0.1700000017881393, 0.3499999940395355, 0.05000000074505806]
['Node', 10, 0.2787777781486511, -0.3047395944595337, -0.1191794872283936, -0.2048224210739136, -0.224941149353981, 0.07610642910003662]
['Node', 11, 0.2868168950080872, -0.3244327306747437, -0.07885563373565674, -0.2993106842041016, -0.5885758996009827, -0.06597256660461426]
['Node', 12, 0.1702016592025757, -0.1916345357894897, 0.01239168643951416, -0.3494675159454346, -0.5038615465164185, -0.2024469375610352]
['Node', 13, 0.05369037389755249, -0.2938090562820435, -0.08081841468811035, -0.236209511756897, -0.2046483904123306, -0.2931373119354248]
['Node', 14, -0.012473464012146, -0.1072463989257812, 0.03611969947814941, -0.1036103963851929, -0.1616393178701401, -0.2809910774230957]
['Node', 15, -0.08842843770980835, -0.3065180778503418, 0.2154366970062256, -0.04161596298217773, -0.1964039206504822, -0.346813440322876]
['Node', 16, -0.08842843770980835, -0.3065180778503418, 0.2154366970062256, -0.04161596298217773, -0.1964039206504822, -0.346813440322876]
['Node', 17, -0.05000000074505806, -0.3499999940395355, 0.1700000017881393, 0.1700000017881393, 0.3499999940395355, -0.300000011920929]
Computation Time:59.3067531586	Nodes:14	Bias:[0.26]	Step Size:[0.25]

Plan
['Node', 0, 0.0, 0.0, 0.0, 0.0, 0.0, 0.0]
['Node', 1, 0.0567271001636982, -0.06618161499500275, -0.03214535489678383, -0.03214535489678383, 0.06618161499500275, 0.0094545166939497]
['Node', 2, 0.1134542003273964, -0.1323632299900055, -0.06429070979356766, -0.06429070979356766, 0.1323632299900055, 0.0189090333878994]
['Node', 3, 0.1701813042163849, -0.198544830083847, -0.09643606096506119, -0.09643606096506119, 0.198544830083847, 0.02836354821920395]
['Node', 4, 0.2269084006547928, -0.264726459980011, -0.1285814195871353, -0.1285814195871353, 0.264726459980011, 0.0378180667757988]
['Node', 5, 0.2836354970932007, -0.3309080600738525, -0.16072678565979, -0.16072678565979, 0.3309080600738525, 0.04727258160710335]
['Node', 6, 0.300000011920929, -0.3499999940395355, -0.1700000017881393, -0.1700000017881393, 0.3499999940395355, 0.05000000074505806]
['Node', 7, 0.300000011920929, -0.3499999940395355, -0.1700000017881393, -0.1700000017881393, 0.3499999940395355, 0.05000000074505806]
['Node', 8, 0.300000011920929, -0.3499999940395355, -0.1700000017881393, -0.1700000017881393, 0.3499999940395355, 0.05000000074505806]
['Node', 9, 0.300000011920929, -0.3499999940395355, -0.1700000017881393, -0.1700000017881393, 0.3499999940395355, 0.05000000074505806]
['Node', 10, 0.2787777781486511, -0.3047395944595337, -0.1191794872283936, -0.2048224210739136, -0.224941149353981, 0.07610642910003662]
['Node', 11, 0.2868168950080872, -0.3244327306747437, -0.07885563373565674, -0.2993106842041016, -0.5885758996009827, -0.06597256660461426]
['Node', 12, 0.1702016592025757, -0.1916345357894897, 0.01239168643951416, -0.3494675159454346, -0.5038615465164185, -0.2024469375610352]
['Node', 13, 0.05369037389755249, -0.2938090562820435, -0.08081841468811035, -0.236209511756897, -0.2046483904123306, -0.2931373119354248]
['Node', 14, -0.012473464012146, -0.1072463989257812, 0.03611969947814941, -0.1036103963851929, -0.1616393178701401, -0.2809910774230957]
['Node', 15, -0.08842843770980835, -0.3065180778503418, 0.2154366970062256, -0.04161596298217773, -0.1964039206504822, -0.346813440322876]
['Node', 16, -0.08842843770980835, -0.3065180778503418, 0.2154366970062256, -0.04161596298217773, -0.1964039206504822, -0.346813440322876]
['Node', 17, -0.05000000074505806, -0.3499999940395355, 0.1700000017881393, 0.1700000017881393, 0.3499999940395355, -0.300000011920929]
['Node', 18, -0.05000000074505806, -0.3499999940395355, 0.1700000017881393, 0.1700000017881393, 0.3499999940395355, -0.300000011920929]
['Node', 19, -0.05000000074505806, -0.3499999940395355, 0.1700000017881393, 0.1700000017881393, 0.3499999940395355, -0.300000011920929]
['Node', 20, 0.247380331158638, -0.3803832232952118, -0.2923746109008789, -0.1115501672029495, 0.2811509966850281, -0.007209364324808121]
['Node', 21, 0.247380331158638, -0.3803832232952118, -0.2923746109008789, -0.1115501672029495, 0.2811509966850281, -0.007209364324808121]
['Node', 22, 0.300000011920929, -0.3499999940395355, -0.1700000017881393, -0.1700000017881393, 0.3499999940395355, 0.05000000074505806]
['Node', 23, 0.256100594997406, -0.3658391237258911, -0.2067224979400635, -0.2274523973464966, -0.01378116849809885, -0.1157709360122681]
['Node', 24, 0.1886473298072815, -0.5480594635009766, -0.1780974864959717, -0.1073621511459351, -0.07251574844121933, -0.2082123756408691]
['Node', 25, 0.07334029674530029, -0.8417887091636658, -0.05310225486755371, 0.02093696594238281, -0.01176031120121479, -0.2236176729202271]
['Node', 26, 0.09622800350189209, -0.6099601984024048, 0.1092590093612671, 0.04020988941192627, -0.1681984663009644, -0.188226580619812]
['Node', 27, 0.09622800350189209, -0.6099601984024048, 0.1092590093612671, 0.04020988941192627, -0.1681984663009644, -0.188226580619812]
['Node', 28, -0.05000000074505806, -0.3499999940395355, 0.1700000017881393, 0.1700000017881393, 0.3499999940395355, -0.300000011920929]
Computation Time:69.9600639343	Nodes:23	Bias:[0.26]	Step Size:[0.25]